ACT,51.5028,-0.2801,Acton Town,Acton<br />Town,0,0,0,0,0,0,0,3,0,0,0,0,0,0,0,0,0,0,0,0,0,0,0,12,1,0,2
ALD,51.5143,-0.0755,Aldgate,NULL,0,0,0,0,0,11,0,0,0,0,0,0,0,0,0,23,0,0,0,0,0,0,0,0,0,0,4
ALE,51.5154,-0.0726,Aldgate East,Aldgate<br />East,0,0,0,0,0,0,0,25,0,0,0,0,0,19,0,0,0,0,0,0,0,0,0,0,0,0,2
ALP,51.5407,-0.2997,Alperton,NULL,0,0,0,0,0,0,0,0,0,0,0,0,0,0,0,0,0,0,0,0,0,0,0,0,5,0,3
AME,51.6736,-0.607,Amersham,NULL,0,0,0,0,0,0,0,0,0,0,0,0,0,0,0,1,1,0,0,0,0,0,0,0,0,0,4
ANG,51.5322,-0.1058,Angel,NULL,0,0,0,0,0,0,0,0,0,0,0,0,0,0,0,0,0,0,0,15,0,0,0,0,0,0,3
ARC,51.5653,-0.1353,Archway,NULL,0,0,0,0,0,0,0,0,0,0,0,0,0,0,0,0,0,0,0,8,0,0,0,0,0,0,2
ARN,51.6164,-0.1331,Arnos Grove,Arnos<br />Grove,0,0,0,0,0,0,0,0,0,0,0,0,0,0,0,0,0,0,0,0,0,0,0,36,0,0,3
ARS,51.5586,-0.1059,Arsenal,NULL,0,0,0,0,0,0,0,0,0,0,0,0,0,0,0,0,0,0,0,0,0,0,0,30,0,0,2
BAK,51.5226,-0.1571,Baker Street,Baker<br />Street,0,0,0,0,0,3,0,0,0,0,0,0,0,14,17,15,0,0,0,0,0,0,0,0,0,0,2
BAL,51.4431,-0.1525,Balham,NULL,0,0,0,0,0,0,0,0,0,0,0,0,0,0,0,0,0,0,0,26,0,0,0,0,0,0,1
BAC,51.5204,-0.0979,Barbican,NULL,0,0,0,0,0,8,0,0,0,0,0,0,0,15,0,20,0,0,0,0,0,0,0,0,0,0,2
BAR,51.5396,0.081,Barking,NULL,0,0,0,0,0,0,0,35,0,0,0,0,0,28,0,0,0,0,0,0,0,0,0,0,0,0,2
BSD,51.5856,0.0887,Barkingside,NULL,0,0,0,6,0,0,0,0,0,0,0,0,0,0,0,0,0,0,0,0,0,0,0,0,0,0,2
BAR,51.4905,-0.2139,Barons Court,Barons<br />Court,0,0,0,0,0,0,0,9,0,0,0,0,0,0,0,0,0,0,0,0,0,0,0,15,0,0,2
BAY,51.5121,-0.1879,Bayswater,NULL,0,0,0,0,0,0,2,0,0,0,4,0,0,0,0,0,0,0,0,0,0,0,0,0,0,0,2
BEC,51.5403,0.127,Becontree,NULL,0,0,0,0,0,0,0,37,0,0,0,0,0,0,0,0,0,0,0,0,0,0,0,0,0,0,3
BEL,51.5504,-0.1642,Belsize Park,Belsize<br />Park,0,0,0,0,0,0,0,0,0,0,0,0,0,0,0,0,0,0,0,0,0,3,0,0,0,0,2
BER,51.4979,-0.0637,Bermondsey,NULL,0,0,0,0,0,0,0,0,0,0,0,0,0,0,21,0,0,0,0,0,0,0,0,0,0,0,2
BET,51.527,-0.0549,Bethnal Green,Bethnal<br />Green,0,24,0,0,0,0,0,0,0,0,0,0,0,0,0,0,0,0,0,0,0,0,0,0,0,0,2
BLA,51.512,-0.1031,Blackfriars,NULL,0,0,0,0,0,0,13,20,0,0,0,0,0,0,0,0,0,0,0,0,0,0,0,0,0,0,1
BHR,51.5867,-0.0417,Blackhorse Road,Blackhorse<br />Road,0,0,0,0,0,0,0,0,0,0,0,0,0,0,0,0,0,0,0,0,0,0,0,0,0,2,2
BON,51.5142,-0.1494,Bond Street,Bond<br />Street,0,17,0,0,0,0,0,0,0,0,0,0,0,0,15,0,0,0,0,0,0,0,0,0,0,0,1
BOR,51.5011,-0.0943,Borough,NULL,0,0,0,0,0,0,0,0,0,0,0,0,0,0,0,0,0,0,0,19,0,0,0,0,0,0,1
BOS,51.4956,-0.325,Boston Manor,Boston<br />Manor,0,0,0,0,0,0,0,0,0,0,0,0,0,0,0,0,0,0,0,0,0,0,0,9,0,0,2
BOU,51.6071,-0.1243,Bounds Green,Bounds<br />Green,0,0,0,0,0,0,0,0,0,0,0,0,0,0,0,0,0,0,0,0,0,0,0,35,0,0,3
BWR,51.5269,-0.0247,Bow Road,Bow<br />Road,0,0,0,0,0,0,0,29,0,0,0,0,0,22,0,0,0,0,0,0,0,0,0,0,0,0,2
BRE,51.5766,-0.2136,Brent Cross,Brent<br />Cross,0,0,0,0,0,0,0,0,0,0,0,0,0,0,0,0,0,0,0,0,0,6,0,0,0,0,3
BRI,51.4627,-0.1145,Brixton,NULL,0,0,0,0,0,0,0,0,0,0,0,0,0,0,0,0,0,0,0,0,0,0,0,0,0,16,0
BRO,51.5248,-0.0119,Bromley By Bow,NULL,0,0,0,0,0,0,0,30,0,0,0,0,0,23,0,0,0,0,0,0,0,0,0,0,0,0,2
BUC,51.6266,0.0471,Buckhurst Hill,Buckhurst<br />Hill,0,32,0,12,0,0,0,0,0,0,0,0,0,0,0,0,0,0,0,0,0,0,0,0,0,0,3
BUR,51.6028,-0.2641,Burnt Oak,Burnt<br />Oak,0,0,0,0,0,0,0,0,0,0,0,0,0,0,0,0,0,0,0,0,0,9,0,0,0,0,2
CAL,51.5481,-0.1188,Caledonian Road,Caledonian<br />Road,0,0,0,0,0,0,0,0,0,0,0,0,0,0,0,0,0,0,0,0,0,0,0,28,0,0,2
CAM,51.5392,-0.1426,Camden Town,Camden<br />Town,0,0,0,0,0,0,0,0,0,0,0,0,0,0,0,0,0,0,0,11,0,1,0,0,0,0,1
CNW,51.4982,-0.0502,Canada Water,Canada<br />Water,0,0,0,0,0,0,0,0,0,0,0,5,0,0,22,0,0,0,0,0,0,0,0,0,0,0,2
CAN,51.5051,-0.0209,Canary Wharf,Canary<br />Wharf,0,0,0,0,0,0,0,0,0,0,0,0,0,0,23,0,0,0,0,0,0,0,0,0,0,0,3
CNT,51.5147,0.0082,Canning Town,Canning<br />Town,0,0,0,0,0,0,0,0,0,0,0,0,0,0,25,0,0,0,0,0,0,0,0,0,0,0,3
CNS,51.5113,-0.0904,Cannon Street,Cannon<br />Street,0,0,0,0,0,14,15,22,0,0,0,0,0,0,0,0,0,0,0,0,0,0,0,0,0,0,2
CNP,51.6078,-0.2947,Canons Park,Canons<br />Park,0,0,0,0,0,0,0,0,0,0,0,0,0,0,2,0,0,0,0,0,0,0,0,0,0,0,2
CHA,51.6679,-0.561,Chalfont & Latimer,Chalfont &<br />Latimer,0,0,0,0,0,0,0,0,0,0,0,0,0,0,0,2,0,0,0,0,0,0,0,0,0,0,4
CHF,51.5441,-0.1538,Chalk Farm,Chalk<br />Farm,0,0,0,0,0,0,0,0,0,0,0,0,0,0,0,0,0,0,0,0,0,2,0,0,0,0,2
CHL,51.5185,-0.1111,Chancery Lane,Chancery<br />Lane,0,21,0,0,0,0,0,0,0,0,0,0,0,0,0,0,0,0,0,0,0,0,0,0,0,0,2
CRC,51.508,-0.1247,Charing Cross,Charing<br />Cross,21,0,0,0,0,0,0,0,0,0,0,0,0,0,0,0,0,0,0,0,0,0,6,0,0,0,1
CHE,51.7052,-0.611,Chesham,NULL,0,0,0,0,0,0,0,0,0,0,0,0,0,0,0,0,2,0,0,0,0,0,0,0,0,0,0
CHI,51.6177,0.0755,Chigwell,NULL,0,0,0,10,0,0,0,0,0,0,0,0,0,0,0,0,0,0,0,0,0,0,0,0,0,0,2
CHO,51.6543,-0.5183,Chorleywood,NULL,0,0,0,0,0,0,0,0,0,0,0,0,0,0,0,3,0,0,0,0,0,0,0,0,0,0,4
CSW,51.4946,-0.2678,Chiswick Park,Chiswick<br />Park,0,0,0,0,0,0,0,4,1,0,0,0,0,0,0,0,0,0,0,0,0,0,0,0,0,0,2
CLA,51.4618,-0.1384,Clapham Common,Clapham<br />Common,0,0,0,0,0,0,0,0,0,0,0,0,0,0,0,0,0,0,0,24,0,0,0,0,0,0,2
CLS,51.4527,-0.148,Clapham South,Clapham<br />South,0,0,0,0,0,0,0,0,0,0,0,0,0,0,0,0,0,0,0,25,0,0,0,0,0,0,2
COC,51.6517,-0.1496,Cockfosters,NULL,0,0,0,0,0,0,0,0,0,0,0,0,0,0,0,0,0,0,0,0,0,0,0,39,0,0,0
COL,51.5955,-0.2502,Colindale,NULL,0,0,0,0,0,0,0,0,0,0,0,0,0,0,0,0,0,0,0,0,0,8,0,0,0,0,2
CLW,51.418,-0.1778,Colliers Wood,Colliers<br />Wood,0,0,0,0,0,0,0,0,0,0,0,0,0,0,0,0,0,0,0,29,0,0,0,0,0,0,2
COV,51.5129,-0.1243,Covent Garden,Covent<br />Garden,0,0,0,0,0,0,0,0,0,0,0,0,0,0,0,0,0,0,0,0,0,0,0,24,0,0,1
CRO,51.647,-0.4412,Croxley,NULL,0,0,0,0,0,0,0,0,0,0,0,0,0,0,0,0,0,2,0,0,0,0,0,0,0,0,3
DGE,51.5443,0.1655,Dagenham East,Dagenham<br />East,0,0,0,0,0,0,0,39,0,0,0,0,0,0,0,0,0,0,0,0,0,0,0,0,0,0,3
DGH,51.5417,0.1469,Dagenham Heathway,Dagenham<br />Heathway,0,0,0,0,0,0,0,38,0,0,0,0,0,0,0,0,0,0,0,0,0,0,0,0,0,0,4
DEB,51.6455,0.0838,Debden,NULL,0,34,0,0,0,0,0,0,0,0,0,0,0,0,0,0,0,0,0,0,0,0,0,0,0,0,3
DOL,51.552,-0.2387,Dollis Hill,Dollis<br />Hill,0,0,0,0,0,0,0,0,0,0,0,0,0,0,7,0,0,0,0,0,0,0,0,0,0,0,2
EAB,51.5152,-0.3017,Ealing Broadway,Ealing<br />Broadway,0,0,3,0,0,0,0,1,0,0,0,0,0,0,0,0,0,0,0,0,0,0,0,0,0,0,4
ELC,51.5101,-0.2882,Ealing Common,Ealing<br />Common,0,0,0,0,0,0,0,2,0,0,0,0,0,0,0,0,0,0,0,0,0,0,0,0,2,0,2
ERC,51.492,-0.1973,Earls Court,Earls<br />Court,0,0,0,0,0,0,0,11,0,0,1,0,0,0,0,0,0,0,0,0,0,0,0,16,0,0,3
EAS,51.5765,-0.397,Eastcote,NULL,0,0,0,0,0,0,0,0,0,0,0,0,0,0,0,0,0,0,4,0,0,0,0,0,10,0,2
ESA,51.5168,-0.2474,East Acton,East<br />Acton,0,9,0,0,0,0,0,0,0,0,0,0,0,0,0,0,0,0,0,0,0,0,0,0,0,0,3
ESF,51.5874,-0.165,East Finchley,East<br />Finchley,0,0,0,0,0,0,0,0,0,0,0,0,0,0,0,0,0,0,0,6,0,0,0,0,0,0,2
ESH,51.5394,0.0518,East Ham,East<br />Ham,0,0,0,0,0,0,0,34,0,0,0,0,0,27,0,0,0,0,0,0,0,0,0,0,0,0,4
ESP,51.4586,-0.2112,East Putney,East<br />Putney,0,0,0,0,0,0,0,0,0,7,0,0,0,0,0,0,0,0,0,0,0,0,0,0,0,0,2
EDG,51.6137,-0.275,Edgware,NULL,0,0,0,0,0,0,0,0,0,0,6,0,0,0,0,0,0,0,0,0,0,10,0,0,0,0,0
EWR,51.5199,-0.1679,Edgware Road,Edgware<br />Road,15,10,0,0,0,2,0,0,0,0,6,0,0,0,0,0,0,0,0,0,0,0,0,0,0,0,2
EAC,51.4943,-0.1001,Elephant & Castle,Elephant &<br />Castle,25,0,0,0,0,0,0,0,0,0,0,0,0,0,0,0,0,0,0,20,0,0,0,0,0,0,2
ELP,51.5496,0.1977,Elm Park,Elm<br />Park,0,0,0,0,0,0,0,40,0,0,0,0,0,0,0,0,0,0,0,0,0,0,0,0,0,0,2
EMB,51.5074,-0.1223,Embankment,NULL,22,0,0,0,0,0,11,18,0,0,0,0,0,0,0,0,0,0,0,0,0,0,7,0,0,0,2
EPP,51.6937,0.1139,Epping,NULL,0,36,0,0,0,0,0,0,0,0,0,0,0,0,0,0,0,0,0,0,0,0,0,0,0,0,0
EUS,51.5282,-0.1337,Euston,NULL,0,0,0,0,0,0,0,0,0,0,0,0,0,0,0,0,0,0,0,13,0,0,1,0,0,8,2
ETS,51.526,-0.1359,Euston Square,Euston<br />Square,0,0,0,0,0,5,0,0,0,0,0,0,0,12,0,17,0,0,0,0,0,0,0,0,0,0,2
FAI,51.596,0.0912,Fairlop,NULL,0,0,0,7,0,0,0,0,0,0,0,0,0,0,0,0,0,0,0,0,0,0,0,0,0,0,2
FAR,51.5203,-0.1053,Farringdon,NULL,0,0,0,0,0,7,0,0,0,0,0,0,0,14,0,19,0,0,0,0,0,0,0,0,0,0,1
FCC,51.6012,-0.1932,Finchley Central,Finchley<br />Central,0,0,0,0,0,0,0,0,0,0,0,0,0,0,0,0,0,0,0,5,0,0,0,0,0,0,4
FCR,51.5472,-0.1803,Finchley Road,Finchley<br />Road,0,0,0,0,0,0,0,0,0,0,0,0,0,0,11,14,0,0,0,0,0,0,0,0,0,0,2
FIN,51.5642,-0.1065,Finsbury Park,Finsbury<br />Park,0,0,0,0,0,0,0,0,0,0,0,0,0,0,0,0,0,0,0,0,0,0,0,31,0,5,2
FUL,51.4804,-0.195,Fulham Broadway,Fulham<br />Broadway,0,0,0,0,0,0,0,0,0,4,0,0,0,0,0,0,0,0,0,0,0,0,0,0,0,0,2
GAN,51.5765,0.0663,Gants Hill,Gants<br />Hill,0,0,0,4,0,0,0,0,0,0,0,0,0,0,0,0,0,0,0,0,0,0,0,0,0,0,3
GLO,51.4945,-0.1829,Gloucester Road,Gloucester<br />Road0,0,0,0,0,0,0,5,12,0,0,0,0,0,0,0,0,0,0,0,0,0,0,0,17,0,0,1
GOL,51.5724,-0.1941,Golders Green,Golders<br />Green,0,0,0,0,0,0,0,0,0,0,0,0,0,0,0,0,0,0,0,0,0,5,0,0,0,0,4
GHR,51.5018,-0.2267,Goldhawk Road,Goldhawk<br />Road,0,0,0,0,2,0,0,0,0,0,0,0,0,2,0,0,0,0,0,0,0,0,0,0,0,0,1
GOO,51.5205,-0.1347,Goodge Street,Goodge<br />Street,0,0,0,0,0,0,0,0,0,0,0,0,0,0,0,0,0,0,0,0,0,0,3,0,0,0,1
GRA,51.6132,0.0923,Grange Hill,Grange<br />Hill,0,0,0,9,0,0,0,0,0,0,0,0,0,0,0,0,0,0,0,0,0,0,0,0,0,0,2
GPS,51.5238,-0.1439,Great Portland Street,Great<br />Portland<br />Street,0,0,0,0,0,4,0,0,0,0,0,0,0,11,0,16,0,0,0,0,0,0,0,0,0,0,2
GRF,51.5423,-0.3456,Greenford,NULL,0,5,0,0,0,0,0,0,0,0,0,0,0,0,0,0,0,0,0,0,0,0,0,0,0,0,2
GRE,51.5067,-0.1428,Green Park,Green<br />Park,0,0,0,0,0,0,0,0,0,0,0,0,0,0,16,0,0,0,0,0,0,0,0,21,0,11,2
GUN,51.4915,-0.2754,Gunnersbury,NULL,0,0,0,0,0,0,0,0,2,0,0,0,0,0,0,0,0,0,0,0,0,0,0,0,0,0,3
HAI,51.603,0.0933,Hainault,NULL,0,0,0,8,0,0,0,0,0,0,0,0,0,0,0,0,0,0,0,0,0,0,0,0,0,0,3
HAM,51.4936,-0.2251,Hammersmith,NULL,0,0,0,0,1,0,0,8,0,0,0,0,0,1,0,0,0,0,0,0,0,0,0,14,0,0,2
HST,51.5568,-0.178,Hampstead,NULL,0,0,0,0,0,0,0,0,0,0,0,0,0,0,0,0,0,0,0,0,0,4,0,0,0,0,2
HAN,51.5302,-0.2933,Hanger Lane,Hanger<br />Lane,0,7,1,0,0,0,0,0,0,0,0,0,0,0,0,0,0,0,0,0,0,0,0,0,0,0,3
HAR,51.5362,-0.2575,Harlesden,NULL,7,0,0,0,0,0,0,0,0,0,0,0,0,0,0,0,0,0,0,0,0,0,0,0,0,0,2
HRW,51.5925,-0.3351,Harrow & Wealdstone,Harrow &<br />Wealdstone,1,0,0,0,0,0,0,0,0,0,0,0,0,0,0,0,0,0,0,0,0,0,0,0,0,0,3
HRH,51.5793,-0.3366,Harrow on the Hill,Harrow-<br />on-the-Hill,0,0,0,0,0,0,0,0,0,0,0,0,0,0,0,10,0,0,0,0,0,0,0,0,0,0,2
HAT,51.4669,-0.4227,Hatton Cross,Hatton<br />Cross,0,0,0,0,0,0,0,0,0,0,0,0,0,0,0,0,0,0,0,0,0,0,0,4,0,0,4
LHA,51.4713,-0.4524,Heathrow Terminals 1 2 & 3,51.4598,0,0,0,0,0,0,0,0,0,0,0,0,0,0,0,0,0,0,0,0,0,0,0,3,0,0,3
LHB,-0.4476,-0.4,Heathrow Terminal 4,Heathrow<br />Terminal 4,0,0,0,0,0,0,0,0,0,0,0,0,0,0,0,0,0,0,0,0,0,0,0,2,0,0,3
LHC,51.47006,-0.49108,Heathrow Terminal 5,Heathrow<br />Terminal 5,0,0,0,0,0,0,0,0,0,0,0,0,0,0,0,0,0,0,0,0,0,0,0,1,0,0,5
HEN,51.5829,-0.2259,Hendon Central,Hendon<br />Central,0,0,0,0,0,0,0,0,0,0,0,0,0,0,0,0,0,0,0,0,0,7,0,0,0,0,2
HIG,51.6503,-0.1943,High Barnet,High<br />Barnet,0,0,0,0,0,0,0,0,0,0,0,0,0,0,0,0,0,0,0,1,0,0,0,0,0,0,3
HSK,51.5009,-0.1925,High Street Kensington,NULL,0,0,0,0,0,0,4,0,0,0,2,0,0,0,0,0,0,0,0,0,0,0,0,0,0,0,3
HYI,51.546,-0.104,Highbury & Islington,Highbury &<br />Islington,0,0,0,0,0,0,0,0,0,0,0,0,0,0,0,0,0,0,0,0,0,0,0,0,0,6,4
HHG,51.5777,-0.1458,Highgate,NULL,0,0,0,0,0,0,0,0,0,0,0,0,0,0,0,0,0,0,0,7,0,0,0,0,0,0,3
HIL,51.5538,-0.4499,Hillingdon,NULL,0,0,0,0,0,0,0,0,0,0,0,0,0,0,0,0,0,0,8,0,0,0,0,0,14,0,3
HOL,51.5174,-0.12,Holborn,NULL,0,20,0,0,0,0,0,0,0,0,0,0,0,0,0,0,0,0,0,0,0,0,0,25,0,0,2
HLP,51.5075,-0.206,Holland Park,Holland<br />Park,0,12,0,0,0,0,0,0,0,0,0,0,0,0,0,0,0,0,0,0,0,0,0,0,0,0,2
HLR,51.5526,-0.1132,Holloway Road,Holloway<br />Road,0,0,0,0,0,0,0,0,0,0,0,0,0,0,0,0,0,0,0,0,0,0,0,29,0,0,1
HOR,51.5539,0.2184,Hornchurch,NULL,0,0,0,0,0,0,0,41,0,0,0,0,0,0,0,0,0,0,0,0,0,0,0,0,0,0,2
HSC,51.4713,-0.3665,Hounslow Central,Hounslow<br />Central,0,0,0,0,0,0,0,0,0,0,0,0,0,0,0,0,0,0,0,0,0,0,0,6,0,0,2
HSE,51.4733,-0.3564,Hounslow East,Hounslow<br />East,0,0,0,0,0,0,0,0,0,0,0,0,0,0,0,0,0,0,0,0,0,0,0,7,0,0,2
HSW,51.4734,-0.3855,Hounslow West,Hounslow<br />West,0,0,0,0,0,0,0,0,0,0,0,0,0,0,0,0,0,0,0,0,0,0,0,5,0,0,2
HYD,51.5027,-0.1527,Hyde Park,"Hyde<br />Park<br />Corner",0,0,0,0,0,0,0,0,0,0,0,0,0,0,0,0,0,0,0,0,0,0,0,20,0,0,2
ICK,51.5619,-0.4421,Ickenham,NULL,0,0,0,0,0,0,0,0,0,0,0,0,0,0,0,0,0,0,7,0,0,0,0,0,13,0,2
KNN,51.4884,-0.1053,Kennington,NULL,0,0,0,0,0,0,0,0,0,0,0,0,0,0,0,0,0,0,0,21,0,0,9,0,0,0,2
KSG,51.5304,-0.225,Kensal Green,Kensal<br />Green,9,0,0,0,0,0,0,0,0,0,0,0,0,0,0,0,0,0,0,0,0,0,0,0,0,0,3
KEN,51.4983,-0.2106,Kensington,Kensington<br />(Olympia),0,0,0,0,0,0,0,0,0,2,0,0,0,0,0,0,0,0,0,0,0,0,0,0,0,0,2
KTT,51.5507,-0.1402,Kentish Town,Kentish<br />Town,0,0,0,0,0,0,0,0,0,0,0,0,0,0,0,0,0,0,0,10,0,0,0,0,0,0,2
KNT,51.5816,-0.3162,Kenton,NULL,2,0,0,0,0,0,0,0,0,0,0,0,0,0,0,0,0,0,0,0,0,0,0,0,0,0,2
KEW,51.477,-0.285,Kew Gardens,Kew<br />Gardens,0,0,0,0,0,0,0,0,3,0,0,0,0,0,0,0,0,0,0,0,0,0,0,0,0,0,3
KIL,51.5471,-0.2047,Kilburn,NULL,0,0,0,0,0,0,0,0,0,0,0,0,0,0,9,0,0,0,0,0,0,0,0,0,0,0,2
KLP,51.5351,-0.1939,Kilburn Park,Kilburn<br />Park,11,0,0,0,0,0,0,0,0,0,0,0,0,0,0,0,0,0,0,0,0,0,0,0,0,0,2
KIN,51.5846,-0.2786,Kingsbury,NULL,0,0,0,0,0,0,0,0,0,0,0,0,0,0,4,0,0,0,0,0,0,0,0,0,0,0,4
KCP,51.5308,-0.1238,Kings Cross St. Pancras,Kings Cross<br />St. Pancras,0,0,0,0,0,6,0,0,0,0,0,0,0,13,0,18,0,0,0,14,0,0,0,27,0,7,2
KNI,51.5015,-0.1607,Knightsbridge,NULL,0,0,0,0,0,0,0,0,0,0,0,0,0,0,0,0,0,0,0,0,0,0,0,19,0,0,2
LBG,51.5172,-0.2107,Ladbroke Grove,Ladbroke<br />Grove,0,0,0,0,6,0,0,0,0,0,0,0,0,6,0,0,0,0,0,0,0,0,0,0,0,0,2
LAM,51.4991,-0.1115,Lambeth North,Lambeth<br />North,24,0,0,0,0,0,0,0,0,0,0,0,0,0,0,0,0,0,0,0,0,0,0,0,0,0,3
LCG,51.5119,-0.1756,Lancaster Gate,Lancaster<br />Gate,0,15,0,0,0,0,0,0,0,0,0,0,0,0,0,0,0,0,0,0,0,0,0,0,0,0,3
LAT,51.5139,-0.2172,Latimer Road,Latimer<br />Road,0,0,0,0,5,0,0,0,0,0,0,0,0,5,0,0,0,0,0,0,0,0,0,0,0,0,1
LEI,51.5113,-0.1281,Leicester Square,Leicester<br />Square,0,0,0,0,0,0,0,0,0,0,0,0,0,0,0,0,0,0,0,0,0,0,5,23,0,0,1
LEY,51.5566,-0.0053,Leyton,NULL,0,27,0,0,0,0,0,0,0,0,0,0,0,0,0,0,0,0,0,0,0,0,0,0,0,0,3
LES,51.5683,0.0083,Leytonstone,NULL,0,28,0,1,0,0,0,0,0,0,0,0,0,0,0,0,0,0,0,0,0,0,0,0,0,0,2
LIV,51.5178,-0.0823,Liverpool Street,Liverpool<br />Street,0,23,0,0,0,10,0,0,0,0,0,0,0,17,0,22,0,0,0,0,0,0,0,0,0,0,3
LON,51.5052,-0.0864,London Bridge,London<br />Bridge,0,0,0,0,0,0,0,0,0,0,0,0,0,0,20,0,0,0,0,18,0,0,0,0,0,0,2
LOU,51.6412,0.0558,Loughton,NULL,0,33,0,0,0,0,0,0,0,0,0,0,0,0,0,0,0,0,0,0,0,0,0,0,0,0,2
MAI,51.53,-0.1854,Maida Vale,Maida<br />Vale,12,0,0,0,0,0,0,0,0,0,0,0,0,0,0,0,0,0,0,0,0,0,0,0,0,0,1
MNR,51.5712,-0.0958,Manor House,Manor<br />House,0,0,0,0,0,0,0,0,0,0,0,0,0,0,0,0,0,0,0,0,0,0,0,32,0,0,3
MAN,51.5122,-0.094,Mansion House,Mansion<br />House,0,0,0,0,0,0,14,21,0,0,0,0,0,0,0,0,0,0,0,0,0,0,0,0,0,0,1
MAR,51.5136,-0.1586,Marble Arch,Marble<br />Arch,0,16,0,0,0,0,0,0,0,0,0,0,0,0,0,0,0,0,0,0,0,0,0,0,0,0,1
MRB,51.5225,-0.1631,Marylebone,NULL,16,0,0,0,0,0,0,0,0,0,0,0,0,0,0,0,0,0,0,0,0,0,0,0,0,0,1
MIL,51.5249,-0.0332,Mile End,Mile<br />End,0,25,0,0,0,0,0,28,0,0,0,0,0,21,0,0,0,0,0,0,0,0,0,0,0,0,2
MHE,51.6082,-0.2103,Mill Hill East,Mill<br />Hill<br />East,0,0,0,0,0,0,0,0,0,0,0,0,0,0,0,0,0,0,0,0,2,0,0,0,0,0,0
MON,51.5108,-0.0863,Monument,NULL,0,0,0,0,0,13,0,23,0,0,0,0,0,0,0,0,0,0,0,0,0,0,0,0,0,0,2
MOO,51.5186,-0.0886,Moorgate,NULL,0,0,0,0,0,9,0,0,0,0,0,0,0,16,0,21,0,0,0,17,0,0,0,0,0,0,3
MOP,51.6294,-0.432,Moor Park,Moor<br />Park,0,0,0,0,0,0,0,0,0,0,0,0,0,0,0,5,0,0,0,0,0,0,0,0,0,0,3
MOR,51.4022,-0.1948,Morden,NULL,0,0,0,0,0,0,0,0,0,0,0,0,0,0,0,0,0,0,0,31,0,0,0,0,0,0,0
MNC,51.5342,-0.1387,Mornington Crescent,Mornington<br />Crescent,0,0,0,0,0,0,0,0,0,0,0,0,0,0,0,0,0,0,0,12,0,0,0,0,0,0,2
NEA,51.5542,-0.2503,Neasden,NULL,0,0,0,0,0,0,0,0,0,0,0,0,0,0,6,0,0,0,0,0,0,0,0,0,0,0,2
NSP,51.5756,0.0899,Newbury Park,Newbury<br />Park,0,0,0,5,0,0,0,0,0,0,0,0,0,0,0,0,0,0,0,0,0,0,0,0,0,0,2
NEC,51.4767,-0.0327,New Cross,New<br />Cross,0,0,0,0,0,0,0,0,0,0,0,0,2,0,0,0,0,0,0,0,0,0,0,0,0,0,0
NCG,51.4757,-0.0402,New Cross Gate,New<br />Cross<br />Gate,0,0,0,0,0,0,0,0,0,0,0,7,0,0,0,0,0,0,0,0,0,0,0,0,0,0,0
NRF,51.4995,-0.3142,Northfields,NULL,0,0,0,0,0,0,0,0,0,0,0,0,0,0,0,0,0,0,0,0,0,0,0,10,0,0,1
NRT,51.5483,-0.3687,Northolt,NULL,0,4,0,0,0,0,0,0,0,0,0,0,0,0,0,0,0,0,0,0,0,0,0,0,0,0,2
NRP,51.5784,-0.3184,Northwick Park,Northwick<br />Park,0,0,0,0,0,0,0,0,0,0,0,0,0,0,0,11,0,0,0,0,0,0,0,0,0,0,2
NOR,51.6111,-0.424,Northwood,NULL,0,0,0,0,0,0,0,0,0,0,0,0,0,0,0,6,0,0,0,0,0,0,0,0,0,0,2
NRW,51.6004,-0.4092,Northwood Hills,Northwood<br />Hills,0,0,0,0,0,0,0,0,0,0,0,0,0,0,0,7,0,0,0,0,0,0,0,0,0,0,2
NRA,51.5237,-0.2597,North Acton,North<br />Acton,0,8,0,0,0,0,0,0,0,0,0,0,0,0,0,0,0,0,0,0,0,0,0,0,0,0,2
NRE,51.5175,-0.2887,North Ealing,North<br />Ealing,0,0,0,0,0,0,0,0,0,0,0,0,0,0,0,0,0,0,0,0,0,0,0,0,3,0,2
NRG,51.5005,0.0039,North Greenwich,North<br />Greenwich,0,0,0,0,0,0,0,0,0,0,0,0,0,0,24,0,0,0,0,0,0,0,0,0,0,0,3
NRH,51.5846,-0.3626,North Harrow,North<br />Harrow,0,0,0,0,0,0,0,0,0,0,0,0,0,0,0,9,0,0,0,0,0,0,0,0,0,0,3
NRW,51.5621,-0.3034,North Wembley,North<br />Wembley,4,0,0,0,0,0,0,0,0,0,0,0,0,0,0,0,0,0,0,0,0,0,0,0,0,0,2
NOT,51.5094,-0.1967,Notting Hill Gate,Notting<br />Hill Gate,0,13,0,0,0,0,3,0,0,0,3,0,0,0,0,0,0,0,0,0,0,0,0,0,0,0,3
OAK,51.6476,-0.1318,Oakwood,NULL,0,0,0,0,0,0,0,0,0,0,0,0,0,0,0,0,0,0,0,0,0,0,0,38,0,0,4
OLD,51.5263,-0.0873,Old Street,Old<br />Street,0,0,0,0,0,0,0,0,0,0,0,0,0,0,0,0,0,0,0,16,0,0,0,0,0,0,1
OST,51.4813,-0.3522,Osterley,NULL,0,0,0,0,0,0,0,0,0,0,0,0,0,0,0,0,0,0,0,0,0,0,0,8,0,0,3
OVA,51.4819,-0.113,Oval,NULL,0,0,0,0,0,0,0,0,0,0,0,0,0,0,0,0,0,0,0,22,0,0,0,0,0,0,3
OXF,51.515,-0.1415,Oxford Circus,Oxford<br />Circus,19,18,0,0,0,0,0,0,0,0,0,0,0,0,0,0,0,0,0,0,0,0,0,0,0,10,2
PAD,51.5154,-0.1755,Paddington,NULL,14,0,0,0,9,1,1,0,0,0,5,0,0,9,0,0,0,0,0,0,0,0,0,0,0,0,3
PAR,51.527,-0.2841,Park Royal,Park<br />Royal,0,0,0,0,0,0,0,0,0,0,0,0,0,0,0,0,0,0,0,0,0,0,0,0,4,0,2
PSG,51.4753,-0.2011,Parsons Green,Parsons<br />Green,0,0,0,0,0,0,0,0,0,5,0,0,0,0,0,0,0,0,0,0,0,0,0,0,0,0,3
PER,51.5366,-0.3232,Perivale,NULL,0,6,0,0,0,0,0,0,0,0,0,0,0,0,0,0,0,0,0,0,0,0,0,0,0,0,2
PIC,51.5098,-0.1342,Piccadilly Circus,Piccadilly<br />Circus,20,0,0,0,0,0,0,0,0,0,0,0,0,0,0,0,0,0,0,0,0,0,0,22,0,0,2
PIM,51.4893,-0.1334,Pimlico,NULL,0,0,0,0,0,0,0,0,0,0,0,0,0,0,0,0,0,0,0,0,0,0,0,0,0,13,1
PIN,51.5926,-0.3805,Pinner,NULL,0,0,0,0,0,0,0,0,0,0,0,0,0,0,0,8,0,0,1,0,0,0,0,0,0,0,3
PLA,51.5313,0.0172,Plaistow,NULL,0,0,0,0,0,0,0,32,0,0,0,0,0,25,0,0,0,0,0,0,0,0,0,0,0,0,2
PRE,51.572,-0.2954,Preston Road,Preston<br />Road,0,0,0,0,0,0,0,0,0,0,0,0,0,0,0,12,0,0,0,0,0,0,0,0,0,0,3
PUT,51.4682,-0.2089,Putney Bridge,Putney<br />Bridge,0,0,0,0,0,0,0,0,0,6,0,0,0,0,0,0,0,0,0,0,0,0,0,0,0,0,2
QEP,51.5341,-0.2047,Queens Park,Queens<br />Park,10,0,0,0,0,0,0,0,0,0,0,0,0,0,0,0,0,0,0,0,0,0,0,0,0,0,2
QES,51.5942,-0.2861,Queensbury,NULL,0,0,0,0,0,0,0,0,0,0,0,0,0,0,3,0,0,0,0,0,0,0,0,0,0,0,2
QEW,51.5107,-0.1877,Queensway,NULL,0,14,0,0,0,0,0,0,0,0,0,0,0,0,0,0,0,0,0,0,0,0,0,0,0,0,1
RCP,51.4942,-0.2359,Ravenscourt Park,Ravenscourt<br />Park,0,0,0,0,0,0,0,7,0,0,0,0,0,0,0,0,0,0,0,0,0,0,0,0,0,0,2
RYL,51.5753,-0.3714,Rayners Lane,Rayners<br />Lane,0,0,0,0,0,0,0,0,0,0,0,0,0,0,0,0,0,0,3,0,0,0,0,0,9,0,3
RED,51.5763,0.0454,Redbridge,NULL,0,0,0,3,0,0,0,0,0,0,0,0,0,0,0,0,0,0,0,0,0,0,0,0,0,0,2
RGP,51.5234,-0.1466,Regents Park,Regents<br />Park,18,0,0,0,0,0,0,0,0,0,0,0,0,0,0,0,0,0,0,0,0,0,0,0,0,0,2
RIC,51.4633,-0.3013,Richmond,NULL,0,0,0,0,0,0,0,0,4,0,0,0,0,0,0,0,0,0,0,0,0,0,0,0,0,0,0
RIK,51.6404,-0.4733,Rickmansworth,NULL,0,0,0,0,0,0,0,0,0,0,0,0,0,0,0,4,0,1,0,0,0,0,0,0,0,0,4
ROD,51.6171,0.0439,Roding Valley,Roding<br />Valley,0,0,0,11,0,0,0,0,0,0,0,0,0,0,0,0,0,0,0,0,0,0,0,0,0,0,3
ROT,51.501,-0.0525,Rotherhithe,NULL,0,0,0,0,0,0,0,0,0,0,0,4,0,0,0,0,0,0,0,0,0,0,0,0,0,0,1
RYL,51.519,-0.188,Royal Oak,Royal<br />Oak,0,0,0,0,8,0,0,0,0,0,0,0,0,8,0,0,0,0,0,0,0,0,0,0,0,0,1
RUI,51.5715,-0.4213,Ruislip,NULL,0,0,0,0,0,0,0,0,0,0,0,0,0,0,0,0,0,0,6,0,0,0,0,0,12,0,3
RSG,51.5606,-0.4103,Ruislip Gardens,Ruislip<br />Gardens,0,2,0,0,0,0,0,0,0,0,0,0,0,0,0,0,0,0,0,0,0,0,0,0,0,0,1
RSM,51.5732,-0.4125,Ruislip Manor,Ruislip<br />Manor,0,0,0,0,0,0,0,0,0,0,0,0,0,0,0,0,0,0,5,0,0,0,0,0,11,0,2
RUS,51.523,-0.1244,Russell Square,Russell<br />Square,0,0,0,0,0,0,0,0,0,0,0,0,0,0,0,0,0,0,0,0,0,0,0,26,0,0,2
SEV,51.5822,-0.0749,Seven Sisters,Seven<br />Sisters,0,0,0,0,0,0,0,0,0,0,0,0,0,0,0,0,0,0,0,0,0,0,0,0,0,4,4
SHA,51.5117,-0.056,Shadwell,NULL,0,0,0,0,0,0,0,0,0,0,0,2,0,0,0,0,0,0,0,0,0,0,0,0,0,0,1
SHE,51.5046,-0.2187,Shepherds Bush,Shepherds<br />Bush,0,11,0,0,3,0,0,0,0,0,0,0,0,3,0,0,0,0,0,0,0,0,0,0,0,0,2
SLO,51.4924,-0.1565,Sloane Square,Sloane<br />Square,0,0,0,0,0,0,7,14,0,0,0,0,0,0,0,0,0,0,0,0,0,0,0,0,0,0,2
SNA,51.5808,0.0216,Snaresbrook,NULL,0,29,0,0,0,0,0,0,0,0,0,0,0,0,0,0,0,0,0,0,0,0,0,0,0,0,2
SOF,51.4454,-0.2066,Southfields,NULL,0,0,0,0,0,0,0,0,0,8,0,0,0,0,0,0,0,0,0,0,0,0,0,0,0,0,3
SHG,51.6322,-0.128,Southgate,NULL,0,0,0,0,0,0,0,0,0,0,0,0,0,0,0,0,0,0,0,0,0,0,0,37,0,0,3
SOW,51.504,-0.1052,Southwark,NULL,0,0,0,0,0,0,0,0,0,0,0,0,0,0,19,0,0,0,0,0,0,0,0,0,0,0,2
SHE,51.5011,-0.3072,South Ealing,South<br />Ealing,0,0,0,0,0,0,0,0,0,0,0,0,0,0,0,0,0,0,0,0,0,0,0,11,0,0,4
SHH,51.5646,-0.3521,South Harrow,South<br />Harrow,0,0,0,0,0,0,0,0,0,0,0,0,0,0,0,0,0,0,0,0,0,0,0,0,8,0,2
SHK,51.4941,-0.1738,South Kensington,South<br />Kensington,0,0,0,0,0,0,6,13,0,0,0,0,0,0,0,0,0,0,0,0,0,0,0,18,0,0,2
SHN,51.5701,-0.3081,South Kenton,South<br />Kenton,3,0,0,0,0,0,0,0,0,0,0,0,0,0,0,0,0,0,0,0,0,0,0,0,0,0,2
SHR,51.5569,-0.3988,South Ruislip,South<br />Ruislip,0,3,0,0,0,0,0,0,0,0,0,0,0,0,0,0,0,0,0,0,0,0,0,0,0,0,3
SHW,51.4154,-0.1919,South Wimbledon,South<br />Wimbledon,0,0,0,0,0,0,0,0,0,0,0,0,0,0,0,0,0,0,0,30,0,0,0,0,0,0,2
SHF,51.5917,0.0275,South Woodford,South<br />Woodford,0,30,0,0,0,0,0,0,0,0,0,0,0,0,0,0,0,0,0,0,0,0,0,0,0,0,2
STA,51.495,-0.2459,Stamford Brook,Stamford<br />Brook,0,0,0,0,0,0,0,6,0,0,0,0,0,0,0,0,0,0,0,0,0,0,0,0,0,0,2
STN,51.6194,-0.3028,Stanmore,NULL,0,0,0,0,0,0,0,0,0,0,0,0,0,0,1,0,0,0,0,0,0,0,0,0,0,0,2
STE,51.5221,-0.047,Stepney Green,Stepney<br />Green,0,0,0,0,0,0,0,27,0,0,0,0,0,20,0,0,0,0,0,0,0,0,0,0,0,0,2
STK,51.4723,-0.123,Stockwell,NULL,0,0,0,0,0,0,0,0,0,0,0,0,0,0,0,0,0,0,0,23,0,0,0,0,0,15,1
STO,51.5439,-0.2759,Stonebridge Park,Stonebridge<br />Park,6,0,0,0,0,0,0,0,0,0,0,0,0,0,0,0,0,0,0,0,0,0,0,0,0,0,2
STR,51.5416,-0.0042,Stratford,NULL,0,26,0,0,0,0,0,0,0,0,0,0,0,0,27,0,0,0,0,0,0,0,0,0,0,0,2
STJ,51.4994,-0.1335,St James Park,St. Jamess<br />Park,0,0,0,0,0,0,9,16,0,0,0,0,0,0,0,0,0,0,0,0,0,0,0,0,0,0,2
STW,51.5347,-0.174,St Johns Wood,St. Johns<br />Wood,0,0,0,0,0,0,0,0,0,0,0,0,0,0,13,0,0,0,0,0,0,0,0,0,0,0,4
STP,51.5146,-0.0973,St Pauls,St. Pauls,0,22,0,0,0,0,0,0,0,0,0,0,0,0,0,0,0,0,0,0,0,0,0,0,0,0,2
SUD,51.5569,-0.3366,Sudbury Hill,Sudbury<br />Hill,0,0,0,0,0,0,0,0,0,0,0,0,0,0,0,0,0,0,0,0,0,0,0,0,7,0,3
SDH,51.5507,-0.3156,Sudbury Town,Sudbury<br />Town,0,0,0,0,0,0,0,0,0,0,0,0,0,0,0,0,0,0,0,0,0,0,0,0,6,0,2
SUR,51.4933,-0.0478,Surrey Quays,Surrey<br />Quays,0,0,0,0,0,0,0,0,0,0,0,6,1,0,0,0,0,0,0,0,0,0,0,0,0,0,4
SWI,51.5432,-0.1738,Swiss Cottage,Swiss<br />Cottage,0,0,0,0,0,0,0,0,0,0,0,0,0,0,12,0,0,0,0,0,0,0,0,0,0,0,1
TEM,51.5111,-0.1141,Temple,NULL,0,0,0,0,0,0,12,19,0,0,0,0,0,0,0,0,0,0,0,0,0,0,0,0,0,0,2
THE,51.6717,0.1033,Theydon Bois,Theydon<br />Bois,0,35,0,0,0,0,0,0,0,0,0,0,0,0,0,0,0,0,0,0,0,0,0,0,0,0,2
TOO,51.4361,-0.1598,Tooting Bec,Tooting<br />Bec,0,0,0,0,0,0,0,0,0,0,0,0,0,0,0,0,0,0,0,27,0,0,0,0,0,0,2
TTB,51.4275,-0.168,Tooting Broadway,Tooting<br />Broadway,0,0,0,0,0,0,0,0,0,0,0,0,0,0,0,0,0,0,0,28,0,0,0,0,0,0,2
TOT,51.5165,-0.131,Tottenham Court Road,Tottenham<br />Court<br />Road,0,19,0,0,0,0,0,0,0,0,0,0,0,0,0,0,0,0,0,0,0,0,4,0,0,0,2
THH,51.5882,-0.0594,Tottenham Hale,Tottenham<br />Hale,0,0,0,0,0,0,0,0,0,0,0,0,0,0,0,0,0,0,0,0,0,0,0,0,0,3,3
TOR,51.6302,-0.1791,Totteridge & Whetstone,Totteridge<br />& Whetstone,0,0,0,0,0,0,0,0,0,0,0,0,0,0,0,0,0,0,0,2,0,0,0,0,0,0,3
TRH,51.5098,-0.0766,Tower Hill,Tower<br />Hill,0,0,0,0,0,12,0,24,0,0,0,0,0,0,0,0,0,0,0,0,0,0,0,0,0,0,2
TUF,51.5567,-0.1374,Tufnell Park,Tufnell<br />Park,0,0,0,0,0,0,0,0,0,0,0,0,0,0,0,0,0,0,0,9,0,0,0,0,0,0,2
TUR,51.4951,-0.2547,Turnham Green,Turnham<br />Green,0,0,0,0,0,0,0,5,0,0,0,0,0,0,0,0,0,0,0,0,0,0,0,13,0,0,1
TPL,51.5904,-0.1028,Turnpike Lane,Turnpike<br />Lane,0,0,0,0,0,0,0,0,0,0,0,0,0,0,0,0,0,0,0,0,0,0,0,33,0,0,2
UPM,51.559,0.251,Upminster,NULL,0,0,0,0,0,0,0,43,0,0,0,0,0,0,0,0,0,0,0,0,0,0,0,0,0,0,0
UPB,51.5582,0.2343,Upminster Bridge,Upminster<br />Bridge,0,0,0,0,0,0,0,42,0,0,0,0,0,0,0,0,0,0,0,0,0,0,0,0,0,0,3
UPN,51.5385,0.1014,Upney,NULL,0,0,0,0,0,0,0,36,0,0,0,0,0,0,0,0,0,0,0,0,0,0,0,0,0,0,2
UPT,51.5352,0.0343,Upton Park,Upton<br />Park,0,0,0,0,0,0,0,33,0,0,0,0,0,26,0,0,0,0,0,0,0,0,0,0,0,0,2
UXB,51.5463,-0.4786,Uxbridge,NULL,0,0,0,0,0,0,0,0,0,0,0,0,0,0,0,0,0,0,9,0,0,0,0,0,15,0,3
VAU,51.4861,-0.1253,Vauxhall,NULL,0,0,0,0,0,0,0,0,0,0,0,0,0,0,0,0,0,0,0,0,0,0,0,0,0,14,3
VIC,51.4965,-0.1447,Victoria,NULL,0,0,0,0,0,0,8,15,0,0,0,0,0,0,0,0,0,0,0,0,0,0,0,0,0,12,2
WAL,51.583,-0.0195,Walthamstow Central,Walthamstow<br />Central,0,0,0,0,0,0,0,0,0,0,0,0,0,0,0,0,0,0,0,0,0,0,0,0,0,1,2
WAN,51.5775,0.0288,Wanstead,NULL,0,0,0,2,0,0,0,0,0,0,0,0,0,0,0,0,0,0,0,0,0,0,0,0,0,0,2
WAP,51.5043,-0.0558,Wapping,NULL,0,0,0,0,0,0,0,0,0,0,0,3,0,0,0,0,0,0,0,0,0,0,0,0,0,0,1
WAR,51.5247,-0.1384,Warren Street,Warren<br />Street,0,0,0,0,0,0,0,0,0,0,0,0,0,0,0,0,0,0,0,0,0,0,2,0,0,9,2
WRW,51.5235,-0.1835,Warwick Avenue,Warwick<br />Avenue,13,0,0,0,0,0,0,0,0,0,0,0,0,0,0,0,0,0,0,0,0,0,0,0,0,0,2
WAT,51.5036,-0.1143,Waterloo,NULL,23,0,0,0,0,0,0,0,0,0,0,0,0,0,18,0,0,0,0,0,0,0,8,0,0,0,1
WTF,51.6573,-0.4177,Watford,NULL,0,0,0,0,0,0,0,0,0,0,0,0,0,0,0,0,0,3,0,0,0,0,0,0,0,0,0
WBC,51.5519,-0.2963,Wembley Central,Wembley<br />Central,5,0,0,0,0,0,0,0,0,0,0,0,0,0,0,0,0,0,0,0,0,0,0,0,0,0,3
WBP,51.5635,-0.2795,Wembley Park,Wembley<br />Park,0,0,0,0,0,0,0,0,0,0,0,0,0,0,5,13,0,0,0,0,0,0,0,0,0,0,4
WBP,51.521,-0.2011,Westbourne Park,Westbourne<br />Park,0,0,0,0,7,0,0,0,0,0,0,0,0,7,0,0,0,0,0,0,0,0,0,0,0,0,2
WES,51.501,-0.1254,Westminster,NULL,0,0,0,0,0,0,10,17,0,0,0,0,0,0,17,0,0,0,0,0,0,0,0,0,0,0,2
WSA,51.518,-0.2809,West Acton,West<br />Acton,0,0,2,0,0,0,0,0,0,0,0,0,0,0,0,0,0,0,0,0,0,0,0,0,0,0,2
WSB,51.4872,-0.1953,West Brompton,West<br />Brompton,0,0,0,0,0,0,0,0,0,3,0,0,0,0,0,0,0,0,0,0,0,0,0,0,0,0,1
WSF,51.6095,-0.1883,West Finchley,West<br />Finchley,0,0,0,0,0,0,0,0,0,0,0,0,0,0,0,0,0,0,0,4,1,0,0,0,0,0,2
WSH,51.5287,0.0056,West Ham,West<br />Ham,0,0,0,0,0,0,0,31,0,0,0,0,0,24,26,0,0,0,0,0,0,0,0,0,0,0,2
WSM,51.5469,-0.1906,West Hampstead,West<br />Hampstead,0,0,0,0,0,0,0,0,0,0,0,0,0,0,10,0,0,0,0,0,0,0,0,0,0,0,1
WSW,51.5795,-0.3533,West Harrow,West<br />Harrow,0,0,0,0,0,0,0,0,0,0,0,0,0,0,0,0,0,0,2,0,0,0,0,0,0,0,3
WSK,51.4907,-0.2065,West Kensington,West<br />Kensington,0,0,0,0,0,0,0,10,0,1,0,0,0,0,0,0,0,0,0,0,0,0,0,0,0,0,2
WSR,51.5696,-0.4376,West Ruislip,West<br />Ruislip,0,1,0,0,0,0,0,0,0,0,0,0,0,0,0,0,0,0,0,0,0,0,0,0,0,0,3
WHI,51.5194,-0.0612,Whitechapel,NULL,0,0,0,0,0,0,0,26,0,0,0,1,0,19,0,0,0,0,0,0,0,0,0,0,0,0,2
WHC,51.512,-0.2239,White City,White<br />City,0,10,0,0,0,0,0,0,0,0,0,0,0,0,0,0,0,0,0,0,0,0,0,0,0,0,3
WIL,51.5492,-0.2215,Willesden Green,Willesden<br />Green,0,0,0,0,0,0,0,0,0,0,0,0,0,0,8,0,0,0,0,0,0,0,0,0,0,0,2
WLJ,51.5326,-0.2478,Willesden Junction,Willesden<br />Junction,8,0,0,0,0,0,0,0,0,0,0,0,0,0,0,0,0,0,0,0,0,0,0,0,0,0,3
WIM,51.4214,-0.2064,Wimbledon,NULL,0,0,0,0,0,0,0,0,0,10,0,0,0,0,0,0,0,0,0,0,0,0,0,0,0,0,0
WBP,51.4343,-0.1992,Wimbledon Park,Wimbledon<br />Park,0,0,0,0,0,0,0,0,0,9,0,0,0,0,0,0,0,0,0,0,0,0,0,0,0,0,3
WOD,51.607,0.0341,Woodford,NULL,0,31,0,0,0,0,0,0,0,0,0,0,0,0,0,0,0,0,0,0,0,0,0,0,0,0,3
WDP,51.6179,-0.1856,Woodside Park,Woodside<br />Park,0,0,0,0,0,0,0,0,0,0,0,0,0,0,0,0,0,0,0,3,0,0,0,0,0,0,1
WDG,51.5975,-0.1097,Wood Green,Wood<br />Green,0,0,0,0,0,0,0,0,0,0,0,0,0,0,0,0,0,0,0,0,0,0,0,34,0,0,2
WDL,51.510031, -0.224301,Wood Lane,Wood<br />Lane,0,0,0,0,4,0,0,0,0,0,0,0,0,4,0,0,0,0,0,0,0,0,0,0,0,0,2
